#25 10023
#XMax 	YMax 	TamanhoDoBuffer
750 500 8
0 2 285 470 335 455 335 470
1 2 440 440 385 455 390 440
2 2 490 440 535 430 540 440
3 2 705 245 695 285 705 285
4 0 465 420 505 405
5 0 505 405 545 380
6 0 545 380 575 340
7 0 575 340 590 300
8 0 590 300 595 260
9 0 595 260 585 220
10 0 585 220 565 180
11 0 565 180 525 140
12 0 525 140 480 120
13 0 480 120 445 120
14 0 445 120 400 120 
15 0 400 120 350 120
16 0 350 120 300 120 sensor 7
17 0 300 120 250 120
18 0 250 120 210 130
19 0 210 130 170 145
20 0 170 145 130 175
21 0 130 175 110 205
22 0 110 205 90 250
23 0 90 250 90 300
24 0 90 300 100 345
25 0 100 345 125 385
26 0 125 385 155 415
27 0 155 415 195 435 sensor 1
28 0 195 435 240 440
29 0 240 440 290 440
30 0 290 440 340 440
31 0 340 440 390 440
32 0 365 420 415 420 sensor 2
33 0 440 440 490 440
34 0 415 420 465 420
35 0 540 440 590 425
36 0 590 425 625 400
37 0 535 430 585 405
38 0 585 405 615 370 sensor 8
39 0 615 370 640 330
40 0 640 330 650 290
41 0 650 290 650 240
42 0 650 240 640 200
43 0 640 200 615 160
44 0 615 160 585 130
45 0 585 130 550 110
46 0 550 110 510 95 sensor 9
47 0 510 95 465 90
48 0 465 90 420 85
49 0 420 85 370 85 sensor 6
50 0 370 85 320 85
51 0 320 85 275 90
52 0 275 90 230 105
53 0 230 105 190 125
54 0 190 125 155 170
55 0 155 170 130 220
56 0 130 220 130 265
57 0 130 265 140 315
58 0 140 315 165 360
59 0 165 360 205 395
60 0 205 395 265 420
61 0 680 370 650 410 sensor 4
62 0 700 335 680 370
63 0 625 400 660 365 sensor 3
64 0 660 365 680 330
65 0 680 330 695 285
66 0 265 420 315 420
67 0 705 285 700 335
68 0 705 245 700 200
69 0 700 200 690 160
70 0 690 160 655 125
71 0 655 125 615 100
72 0 615 100 575 80
73 0 575 80 535 65
74 0 535 65 490 60
75 0 490 60 440 60
76 0 440 60 390 60
77 0 390 60 340 60 sensor 5
78 0 340 60 290 60
79 0 290 60 245 65
80 0 245 65 200 75
81 0 200 75 160 95
82 0 160 95 120 130
83 0 120 130 90 170
84 0 90 170 75 210
85 0 75 210 70 260
86 0 70 260 70 310
87 0 70 310 80 355
88 0 80 355 110 400
89 0 110 400 145 435 sensor 0
90 0 145 435 190 455
91 0 190 455 235 465
92 0 235 465 285 470
93 0 315 420 365 420
94 0 335 470 385 470
95 0 385 470 435 470
96 0 435 470 485 470
97 0 485 470 535 465
98 0 535 465 580 455
99 0 580 455 620 435
100 0 620 435 650 410 
101 0 335 455 385 455
  
